20
0 97 63 35 50 71 74 87 22 10 86 28 90 77 73 5 16 31 39 98 
28 0 84 77 82 79 33 45 56 88 96 9 14 12 30 69 86 26 22 88 
37 64 0 69 67 28 79 45 42 99 22 65 11 64 89 12 63 15 53 24 
58 7 49 0 44 59 17 35 93 13 79 51 31 11 64 67 100 87 7 41 
93 49 69 71 0 35 57 28 94 55 20 48 58 6 49 79 25 9 72 95 
97 29 89 96 62 0 69 6 21 95 17 87 99 21 4 96 88 56 39 81 
23 41 22 30 25 77 0 7 50 22 37 59 12 71 25 48 41 24 93 10 
71 11 98 60 52 35 28 0 62 5 58 93 59 96 90 32 58 0 64 22 
15 60 11 5 70 62 87 42 0 57 11 20 5 71 7 43 61 69 21 22 
97 3 66 33 89 31 65 53 2 0 99 83 91 90 61 68 68 7 6 46 
22 23 28 60 11 11 88 4 49 49 0 3 77 6 91 46 21 22 53 49 
37 11 32 70 37 35 23 18 95 13 36 0 47 44 39 97 100 26 80 5 
36 91 91 71 56 16 88 37 53 29 78 77 0 92 33 61 45 91 96 88 
79 30 85 94 87 46 46 84 13 58 100 64 59 0 23 50 46 11 38 98 
78 3 61 83 64 19 88 82 52 100 98 45 26 76 0 61 96 68 93 77 
96 47 74 36 13 74 2 19 36 0 97 12 58 56 72 0 95 69 56 94 
53 75 53 50 100 16 21 93 42 89 79 66 94 94 50 20 0 77 76 28 
74 99 77 36 31 26 22 22 19 90 30 53 54 1 21 19 89 0 34 59 
29 39 21 0 39 24 56 84 19 42 48 14 83 8 73 22 7 93 0 20 
87 38 60 45 3 78 96 69 38 62 9 34 27 75 99 53 35 40 22 0 
