100
0 91 83 25 55 39 55 44 14 72 99 60 16 46 9 44 77 15 77 2 43 90 76 94 84 84 37 9 8 44 33 82 44 85 83 75 88 76 72 50 18 25 31 11 97 38 27 37 28 33 8 9 65 43 38 59 64 43 55 91 84 39 22 60 29 32 5 78 71 25 100 49 53 27 72 95 45 59 69 99 19 87 54 100 4 51 5 10 63 96 95 42 96 50 41 82 77 54 86 17
91 0 65 100 83 48 68 66 27 69 63 13 72 66 54 85 67 12 80 25 54 11 22 67 55 79 10 94 57 37 85 69 48 30 51 67 87 90 18 50 77 65 47 35 11 41 16 33 84 41 10 2 60 11 97 65 37 67 10 60 85 48 43 92 87 29 27 48 3 68 66 77 39 85 100 67 91 99 29 69 74 35 30 89 77 69 36 43 87 49 39 79 58 79 25 97 53 30 77 69
83 65 0 30 22 76 45 100 83 52 9 17 26 12 73 34 69 96 68 96 10 10 71 27 90 12 36 38 20 36 13 2 74 11 79 85 19 42 87 62 7 36 82 72 79 64 31 25 44 85 93 41 9 78 10 35 56 91 38 24 44 2 82 37 93 41 50 23 16 82 79 37 58 3 25 49 54 34 74 79 62 69 19 17 76 69 47 48 46 58 62 17 93 92 8 84 24 71 96 46
25 100 30 0 2 20 12 16 61 12 23 83 33 11 49 95 6 55 27 59 85 30 69 91 50 63 24 75 77 92 19 75 72 60 57 73 6 62 27 43 39 52 64 77 51 64 88 71 94 78 19 66 64 5 75 87 49 27 74 35 86 13 98 32 14 28 94 34 47 4 53 87 27 76 61 29 57 60 76 63 98 56 48 5 72 95 6 31 79 60 37 79 68 26 82 64 90 54 36 78
55 83 22 2 0 69 5 1 61 69 87 72 64 80 17 63 98 39 54 3 55 46 48 96 34 46 58 28 73 24 83 64 97 81 44 15 100 46 99 81 86 86 27 99 19 88 57 5 76 81 67 8 48 40 50 12 25 100 22 20 50 39 69 93 49 86 100 55 67 6 94 78 58 71 75 53 20 57 21 80 28 4 18 4 18 86 84 80 72 91 6 20 63 46 52 35 73 67 93 25
39 48 76 20 69 0 26 74 76 96 50 50 74 33 92 1 19 7 92 89 25 57 25 13 78 68 49 92 43 39 98 11 89 76 67 100 44 64 6 29 87 33 82 61 89 55 75 76 24 84 81 92 84 80 8 31 46 51 66 8 37 7 37 86 3 98 19 79 95 66 98 25 51 21 7 16 72 15 76 9 34 65 54 97 45 60 49 5 98 5 41 17 90 56 17 35 94 76 16 91
55 68 45 12 5 26 0 98 44 45 5 14 37 48 38 54 4 99 9 90 80 6 35 22 55 15 60 2 54 50 11 43 96 64 62 81 27 31 86 92 80 65 3 83 64 60 75 46 48 82 8 73 17 100 12 3 85 5 46 65 19 64 71 62 58 82 75 32 6 31 55 50 97 56 25 17 65 58 19 62 3 21 14 47 35 59 6 89 54 68 6 62 19 45 55 99 66 27 76 7
44 66 100 16 1 74 98 0 55 98 75 55 96 79 39 89 25 44 28 80 5 95 2 2 28 80 37 56 2 36 37 85 17 73 91 15 90 100 4 34 87 92 39 23 83 73 78 37 1 98 25 66 86 83 41 79 56 65 90 8 33 74 57 75 2 6 29 84 62 75 64 2 61 12 46 75 3 97 98 1 80 100 30 64 78 29 96 100 85 19 84 33 44 95 42 69 42 73 1 47
14 27 83 61 61 76 44 55 0 93 57 88 75 11 30 92 10 63 30 98 72 34 33 70 80 59 33 90 74 36 91 85 8 69 2 81 54 21 44 68 46 64 17 75 71 89 32 86 57 76 5 100 21 28 38 57 42 27 46 40 46 46 8 24 20 7 4 95 72 41 12 28 80 46 65 59 47 59 57 89 84 80 19 87 76 1 42 43 34 96 66 27 58 74 32 15 100 5 75 4
72 69 52 12 69 96 45 98 93 0 38 100 2 26 65 76 34 62 61 15 46 91 69 84 10 99 48 78 9 17 90 8 93 44 52 53 23 24 52 34 44 4 31 36 4 58 20 35 23 80 28 40 69 35 59 11 67 53 43 72 73 90 71 67 27 99 34 73 84 48 40 70 39 16 17 82 63 81 43 34 6 73 47 49 60 40 4 14 96 35 60 63 10 37 1 60 52 7 74 27
99 63 9 23 87 50 5 75 57 38 0 86 18 41 60 18 70 94 11 22 8 48 13 49 63 24 82 21 43 20 2 48 30 31 26 19 96 42 10 100 93 98 84 71 79 81 88 83 53 77 7 75 4 15 65 44 28 99 91 3 67 71 52 35 62 3 86 89 29 87 25 35 26 88 58 16 77 54 22 11 65 45 25 15 4 98 46 23 84 7 65 79 39 5 73 12 78 76 83 39
60 13 17 83 72 50 14 55 88 100 86 0 8 46 92 71 78 25 98 82 12 51 3 96 100 10 37 86 75 73 89 29 76 67 77 69 41 46 26 72 86 43 65 77 60 85 74 58 44 50 26 35 66 8 70 14 38 54 45 68 98 38 9 44 85 1 95 93 58 47 79 57 82 11 99 90 81 34 59 32 60 3 67 76 96 99 33 90 1 11 16 74 15 83 34 28 88 22 67 62
16 72 26 33 64 74 37 96 75 2 18 8 0 90 9 42 22 13 70 31 53 78 77 57 44 86 66 11 19 89 86 93 2 92 55 34 87 92 4 19 24 38 98 46 37 93 74 37 35 23 4 77 50 37 68 79 70 25 32 70 41 83 6 76 22 49 15 36 39 45 52 78 72 65 3 55 22 40 9 39 14 57 99 66 78 29 89 15 89 26 15 39 40 77 38 37 19 2 57 74
46 66 12 11 80 33 48 79 11 26 41 46 90 0 28 70 73 83 34 57 9 27 50 73 7 97 34 77 41 83 81 34 93 21 62 33 42 63 23 57 31 12 37 4 4 19 34 82 63 32 97 13 22 92 3 84 62 25 39 58 82 56 40 92 97 56 12 69 71 5 100 58 37 45 94 35 2 16 55 45 75 30 96 39 20 31 55 6 54 3 73 7 69 42 35 48 37 67 57 14
9 54 73 49 17 92 38 39 30 65 60 92 9 28 0 52 72 4 43 30 84 4 75 69 27 65 100 32 56 52 18 56 29 78 89 67 52 67 58 33 4 42 36 52 99 51 75 10 90 94 14 71 56 24 33 81 12 50 75 41 27 1 39 72 94 60 36 18 86 88 30 15 99 18 34 66 82 54 64 42 89 88 30 54 26 6 59 45 49 83 98 64 3 77 8 66 12 55 58 35
44 85 34 95 63 1 54 89 92 76 18 71 42 70 52 0 32 15 63 68 76 86 35 77 23 35 79 6 7 86 37 5 42 29 57 24 21 40 74 42 73 95 36 11 31 33 91 10 34 23 20 40 14 3 88 68 78 69 84 28 58 44 93 70 53 43 77 97 18 16 29 51 84 16 94 27 46 17 43 26 58 48 12 87 38 89 29 17 23 48 60 87 20 74 2 71 55 58 16 66
77 67 69 6 98 19 4 25 10 34 70 78 22 73 72 32 0 75 83 5 34 45 89 36 70 15 62 88 35 98 40 34 36 57 61 77 8 84 45 89 13 27 27 77 33 88 80 100 75 93 27 49 5 88 40 69 98 96 67 4 64 79 52 59 29 89 87 71 6 23 58 55 68 74 26 88 14 54 12 94 67 61 3 26 8 15 19 77 61 86 40 84 87 75 97 36 5 62 15 42
15 12 96 55 39 7 99 44 63 62 94 25 13 83 4 15 75 0 37 76 5 69 12 1 50 91 56 39 87 66 36 66 48 64 13 26 93 47 100 78 54 61 26 67 19 54 59 34 82 73 3 61 94 98 77 77 59 10 65 59 62 18 90 35 63 64 42 65 53 81 96 79 62 51 24 89 65 73 72 8 50 23 99 25 26 89 45 52 88 89 91 39 79 97 96 41 99 5 42 19
77 80 68 27 54 92 9 28 30 61 11 98 70 34 43 63 83 37 0 26 32 76 95 19 13 13 21 98 67 44 32 62 59 69 84 83 28 74 57 63 96 44 85 53 54 44 12 92 32 51 5 79 75 48 48 91 37 37 16 59 83 48 27 74 52 13 33 24 73 15 32 51 87 19 41 82 91 15 65 32 11 89 77 18 90 74 30 15 72 94 54 10 89 90 34 34 13 60 51 67
2 25 96 59 3 89 90 80 98 15 22 82 31 57 30 68 5 76 26 0 96 62 13 92 78 86 9 74 70 88 49 55 61 100 2 10 40 94 100 24 84 91 8 15 52 27 28 49 57 6 37 87 83 41 80 55 66 19 80 4 95 85 88 89 28 35 35 21 5 83 36 40 37 42 48 42 60 71 13 81 7 26 51 64 87 94 83 31 90 80 36 100 34 93 14 80 50 10 38 5
43 54 10 85 55 25 80 5 72 46 8 12 53 9 84 76 34 5 32 96 0 75 24 60 2 50 14 67 73 72 82 41 51 35 81 21 62 79 84 77 40 79 37 81 99 59 10 24 46 68 14 37 30 94 18 53 65 20 12 60 7 84 63 95 56 63 94 17 95 42 3 65 42 25 83 93 96 90 43 73 24 70 7 89 40 63 27 26 52 100 100 35 29 40 6 68 51 84 1 58
90 11 10 30 46 57 6 95 34 91 48 51 78 27 4 86 45 69 76 62 75 0 30 84 20 6 85 57 49 9 51 60 61 100 1 24 60 36 42 14 52 83 72 82 39 57 51 14 94 24 56 90 24 62 59 97 55 50 10 69 95 20 38 25 79 63 25 73 49 49 15 30 33 95 15 44 81 55 99 51 65 44 76 42 32 31 95 10 73 13 91 53 62 82 49 40 21 45 84 16
76 22 71 69 48 25 35 2 33 69 13 3 77 50 75 35 89 12 95 13 24 30 0 30 80 78 75 39 82 70 15 85 27 13 73 32 95 100 31 27 72 11 79 8 81 97 68 33 84 91 82 66 55 100 43 29 85 4 7 55 13 46 61 1 34 99 71 95 4 10 28 26 29 86 65 4 26 27 5 22 17 25 44 58 96 11 21 96 51 58 91 57 42 23 29 61 22 25 90 98
94 67 27 91 96 13 22 2 70 84 49 96 57 73 69 77 36 1 19 92 60 84 30 0 47 52 12 63 52 90 65 55 77 12 17 31 94 70 16 87 40 78 68 85 55 32 23 75 37 97 74 94 50 90 83 31 11 31 28 67 10 29 94 6 81 33 99 17 9 2 9 38 46 46 13 34 94 69 3 42 77 8 32 23 74 72 14 67 96 89 29 26 84 4 37 48 56 79 96 84
84 55 90 50 34 78 55 28 80 10 63 100 44 7 27 23 70 50 13 78 2 20 80 47 0 93 71 90 52 51 2 43 92 41 63 70 54 81 82 64 13 99 81 30 1 72 47 35 86 40 58 7 6 20 10 71 90 16 72 61 64 40 88 9 85 7 21 12 75 92 46 16 93 15 78 64 20 13 98 51 68 7 28 37 75 76 12 89 72 5 4 6 32 80 3 68 55 33 65 4
84 79 12 63 46 68 15 80 59 99 24 10 86 97 65 35 15 91 13 86 50 6 78 52 93 0 5 96 36 26 24 62 3 24 85 37 48 6 6 38 99 31 8 27 87 57 30 75 31 37 6 75 82 70 97 94 1 29 51 53 79 43 46 2 92 27 26 83 62 84 7 97 4 5 48 83 72 43 56 82 89 82 22 81 50 38 88 59 6 91 90 37 68 15 86 76 20 33 22 91
37 10 36 24 58 49 60 37 33 48 82 37 66 34 100 79 62 56 21 9 14 85 75 12 71 5 0 53 94 29 61 50 72 73 39 72 97 45 47 61 32 74 53 4 96 8 26 49 3 71 93 65 78 74 19 2 79 76 28 67 58 89 14 60 11 67 98 8 67 48 83 75 26 65 12 34 63 55 80 99 25 20 82 30 21 94 7 85 46 24 66 6 54 87 29 45 56 12 82 29
9 94 38 75 28 92 2 56 90 78 21 86 11 77 32 6 88 39 98 74 67 57 39 63 90 96 53 0 32 93 37 69 60 10 92 10 50 75 31 32 52 72 70 53 9 79 39 98 79 88 58 85 85 87 97 36 51 84 1 28 53 83 88 22 6 2 65 20 8 62 56 56 45 23 78 15 34 31 35 16 80 44 42 38 57 18 73 14 4 58 45 72 29 56 37 23 15 8 34 61
8 57 20 77 73 43 54 2 74 9 43 75 19 41 56 7 35 87 67 70 73 49 82 52 52 36 94 32 0 85 46 23 62 18 7 27 7 10 46 35 99 85 55 23 84 66 21 44 45 5 6 37 21 89 61 14 37 65 8 29 3 87 31 37 41 74 66 54 2 72 50 76 75 31 37 50 12 49 76 57 83 21 24 33 85 35 95 46 57 17 82 61 40 16 21 55 62 84 92 44
44 37 36 92 24 39 50 36 36 17 20 73 89 83 52 86 98 66 44 88 72 9 70 90 51 26 29 93 85 0 75 17 66 24 89 39 98 83 26 55 74 86 57 100 65 12 31 63 10 18 75 5 11 17 35 31 69 21 11 86 30 68 52 48 23 52 96 76 57 29 57 85 59 87 20 84 88 21 9 31 67 84 8 71 17 100 99 78 12 6 82 71 42 82 62 85 94 51 47 12
33 85 13 19 83 98 11 37 91 90 2 89 86 81 18 37 40 36 32 49 82 51 15 65 2 24 61 37 46 75 0 35 43 18 37 79 66 11 45 10 11 98 1 29 8 2 94 75 81 98 38 43 16 61 7 25 32 72 72 36 55 43 33 42 88 3 53 64 100 23 85 37 60 89 70 88 63 82 66 91 37 19 71 14 14 50 9 4 72 4 24 73 7 22 88 34 47 51 72 98
82 69 2 75 64 11 43 85 85 8 48 29 93 34 56 5 34 66 62 55 41 60 85 55 43 62 50 69 23 17 35 0 69 60 13 27 81 91 72 45 2 6 32 23 60 47 19 5 83 99 55 64 12 8 32 86 93 100 36 10 75 72 79 85 42 17 56 31 57 25 95 89 12 61 28 46 7 3 80 98 40 82 88 93 94 33 73 45 68 86 82 8 4 66 55 93 80 57 89 11
44 48 74 72 97 89 96 17 8 93 30 76 2 93 29 42 36 48 59 61 51 61 27 77 92 3 72 60 62 66 43 69 0 40 58 57 14 17 99 1 33 31 45 16 62 77 87 68 96 76 82 90 48 21 64 61 80 71 72 20 23 81 80 79 21 1 5 22 54 98 25 24 44 67 30 41 77 96 84 18 31 50 64 76 65 69 47 14 73 20 22 1 77 98 40 11 51 43 13 43
85 30 11 60 81 76 64 73 69 44 31 67 92 21 78 29 57 64 69 100 35 100 13 12 41 24 73 10 18 24 18 60 40 0 85 75 15 1 42 34 24 90 31 46 77 94 87 69 10 42 60 14 79 26 63 44 55 61 75 94 6 11 19 33 54 12 46 88 45 3 78 16 16 74 10 12 46 89 37 33 24 86 38 57 79 17 42 93 78 94 88 37 50 78 80 61 86 42 6 4
83 51 79 57 44 67 62 91 2 52 26 77 55 62 89 57 61 13 84 2 81 1 73 17 63 85 39 92 7 89 37 13 58 85 0 91 28 94 34 83 6 62 37 18 18 15 93 18 98 2 48 46 99 16 5 46 20 5 22 1 94 39 25 61 79 35 60 46 47 50 24 67 30 99 68 74 35 53 97 41 46 78 69 7 54 35 40 89 25 13 37 99 58 63 66 38 68 45 45 27
75 67 85 73 15 100 81 15 81 53 19 69 34 33 67 24 77 26 83 10 21 24 32 31 70 37 72 10 27 39 79 27 57 75 91 0 52 86 24 99 27 33 88 15 11 58 6 58 49 52 43 46 71 47 41 40 4 69 65 82 39 42 7 16 40 93 32 2 75 79 58 31 23 90 27 85 11 97 60 28 23 36 27 59 1 18 94 40 94 33 8 13 24 21 3 25 55 65 17 43
88 87 19 6 100 44 27 90 54 23 96 41 87 42 52 21 8 93 28 40 62 60 95 94 54 48 97 50 7 98 66 81 14 15 28 52 0 95 30 15 36 56 5 61 67 67 74 49 6 14 20 82 57 74 28 98 43 11 65 50 55 67 48 91 52 37 9 15 86 69 25 41 63 89 16 27 92 97 62 69 98 34 44 60 72 92 68 94 49 79 86 67 94 32 30 98 91 41 63 94
76 90 42 62 46 64 31 100 21 24 42 46 92 63 67 40 84 47 74 94 79 36 100 70 81 6 45 75 10 83 11 91 17 1 94 86 95 0 58 33 80 51 66 85 83 18 82 81 16 14 25 66 8 28 68 97 79 28 92 56 36 17 82 71 47 49 21 49 39 83 80 8 29 58 6 20 58 61 92 35 66 28 73 43 20 11 21 88 27 2 14 54 57 88 58 20 46 95 23 14
72 18 87 27 99 6 86 4 44 52 10 26 4 23 58 74 45 100 57 100 84 42 31 16 82 6 47 31 46 26 45 72 99 42 34 24 30 58 0 66 4 36 17 22 19 68 89 18 24 5 29 16 61 65 89 7 75 65 70 27 33 7 99 87 56 36 33 95 87 47 6 56 90 81 79 52 44 29 26 100 91 73 62 29 77 16 86 41 59 89 60 37 1 26 64 73 85 100 74 13
50 50 62 43 81 29 92 34 68 34 100 72 19 57 33 42 89 78 63 24 77 14 27 87 64 38 61 32 35 55 10 45 1 34 83 99 15 33 66 0 39 56 98 19 26 72 4 50 77 11 63 71 61 96 36 24 78 47 1 8 24 34 49 8 90 46 13 78 42 52 63 45 89 56 85 87 61 32 51 83 87 33 99 82 74 89 95 57 73 93 89 34 71 90 15 17 87 55 68 1
18 77 7 39 86 87 80 87 46 44 93 86 24 31 4 73 13 54 96 84 40 52 72 40 13 99 32 52 99 74 11 2 33 24 6 27 36 80 4 39 0 90 81 21 60 78 7 24 44 49 66 29 90 70 72 32 46 25 60 40 99 75 51 15 26 40 17 49 29 35 12 24 88 50 86 7 33 44 87 39 69 42 84 68 89 27 33 56 8 54 72 78 87 55 15 16 100 91 75 57
25 65 36 52 86 33 65 92 64 4 98 43 38 12 42 95 27 61 44 91 79 83 11 78 99 31 74 72 85 86 98 6 31 90 62 33 56 51 36 56 90 0 71 95 52 3 67 41 34 84 1 95 51 77 35 83 75 9 47 100 48 97 99 50 81 3 83 1 93 28 100 56 77 92 55 83 30 54 86 16 4 7 81 27 87 86 64 51 77 44 5 21 42 70 7 81 18 22 41 24
31 47 82 64 27 82 3 39 17 31 84 65 98 37 36 36 27 26 85 8 37 72 79 68 81 8 53 70 55 57 1 32 45 31 37 88 5 66 17 98 81 71 0 74 61 32 91 75 94 20 66 94 72 45 19 33 69 90 12 56 78 26 16 20 81 86 15 45 21 92 13 93 89 26 17 34 64 53 1 72 31 100 24 57 78 17 79 19 31 22 26 26 87 24 98 47 40 61 89 95
11 35 72 77 99 61 83 23 75 36 71 77 46 4 52 11 77 67 53 15 81 82 8 85 30 27 4 53 23 100 29 23 16 46 18 15 61 85 22 19 21 95 74 0 33 35 74 93 45 19 86 91 81 65 80 100 71 96 34 62 90 13 97 81 9 42 63 1 59 46 49 53 4 78 60 67 95 43 76 70 40 70 26 28 28 82 2 14 93 40 64 76 56 96 13 74 21 62 70 25
97 11 79 51 19 89 64 83 71 4 79 60 37 4 99 31 33 19 54 52 99 39 81 55 1 87 96 9 84 65 8 60 62 77 18 11 67 83 19 26 60 52 61 33 0 71 2 23 63 89 39 78 94 83 70 82 14 10 88 70 63 12 5 90 39 8 41 71 85 2 40 32 65 100 26 55 34 54 6 71 87 60 41 71 45 30 69 72 17 63 30 21 2 11 1 22 14 36 65 10
38 41 64 64 88 55 60 73 89 58 81 85 93 19 51 33 88 54 44 27 59 57 97 32 72 57 8 79 66 12 2 47 77 94 15 58 67 18 68 72 78 3 32 35 71 0 18 26 61 65 89 98 32 95 42 95 60 1 93 14 71 1 90 91 24 16 32 98 81 37 11 28 49 28 95 66 40 74 17 29 8 79 9 28 99 92 83 32 10 29 69 90 82 92 28 77 67 19 68 26
27 16 31 88 57 75 75 78 32 20 88 74 74 34 75 91 80 59 12 28 10 51 68 23 47 30 26 39 21 31 94 19 87 87 93 6 74 82 89 4 7 67 91 74 2 18 0 80 17 80 2 11 55 36 73 92 5 13 69 27 22 88 19 96 58 39 44 35 21 49 68 51 33 26 11 79 34 32 5 67 26 43 28 23 70 60 92 22 90 26 24 60 72 62 78 27 37 91 100 84
37 33 25 71 5 76 46 37 86 35 83 58 37 82 10 10 100 34 92 49 24 14 33 75 35 75 49 98 44 63 75 5 68 69 18 58 49 81 18 50 24 41 75 93 23 26 80 0 86 47 71 29 87 20 62 63 78 23 83 78 9 24 88 69 83 60 54 42 58 53 43 26 86 54 9 10 14 53 24 8 86 42 92 4 77 56 46 28 28 65 57 2 40 23 36 6 1 48 84 83
28 84 44 94 76 24 48 1 57 23 53 44 35 63 90 34 75 82 32 57 46 94 84 37 86 31 3 79 45 10 81 83 96 10 98 49 6 16 24 77 44 34 94 45 63 61 17 86 0 27 1 51 60 46 52 66 60 15 19 38 38 74 6 67 23 41 22 20 29 25 41 61 93 79 38 13 74 54 39 32 69 80 96 54 10 38 5 53 7 40 64 76 19 69 26 53 16 11 24 27
33 41 85 78 81 84 82 98 76 80 77 50 23 32 94 23 93 73 51 6 68 24 91 97 40 37 71 88 5 18 98 99 76 42 2 52 14 14 5 11 49 84 20 19 89 65 80 47 27 0 72 35 97 2 96 52 78 68 55 20 3 19 53 56 27 65 53 30 93 13 18 66 9 12 61 7 77 62 8 40 86 59 55 98 67 78 85 81 29 78 43 27 77 62 18 36 84 91 56 1
8 10 93 19 67 81 8 25 5 28 7 26 4 97 14 20 27 3 5 37 14 56 82 74 58 6 93 58 6 75 38 55 82 60 48 43 20 25 29 63 66 1 66 86 39 89 2 71 1 72 0 52 25 28 56 46 6 40 21 7 72 47 65 84 87 77 43 98 51 74 66 96 63 58 3 66 45 62 85 88 15 46 37 26 100 100 8 95 33 47 86 86 11 11 21 28 39 96 47 8
9 2 41 66 8 92 73 66 100 40 75 35 77 13 71 40 49 61 79 87 37 90 66 94 7 75 65 85 37 5 43 64 90 14 46 46 82 66 16 71 29 95 94 91 78 98 11 29 51 35 52 0 87 55 35 51 9 47 30 66 25 31 54 18 99 80 52 55 90 56 92 19 80 67 23 64 94 35 95 25 98 37 3 79 12 16 62 46 62 5 75 48 99 94 2 38 95 17 3 52
65 60 9 64 48 84 17 86 21 69 4 66 50 22 56 14 5 94 75 83 30 24 55 50 6 82 78 85 21 11 16 12 48 79 99 71 57 8 61 61 90 51 72 81 94 32 55 87 60 97 25 87 0 60 79 50 35 5 69 37 77 88 77 40 28 79 60 71 81 20 80 63 13 13 60 25 97 20 80 92 12 77 83 42 26 51 23 58 94 2 95 50 9 96 10 90 11 86 35 21
43 11 78 5 40 80 100 83 28 35 15 8 37 92 24 3 88 98 48 41 94 62 100 90 20 70 74 87 89 17 61 8 21 26 16 47 74 28 65 96 70 77 45 65 83 95 36 20 46 2 28 55 60 0 45 49 63 1 6 22 100 92 80 4 32 41 75 73 54 89 54 61 89 30 40 3 25 61 14 25 71 47 41 1 59 16 87 66 19 86 1 34 58 76 82 9 14 15 24 61
38 97 10 75 50 8 12 41 38 59 65 70 68 3 33 88 40 77 48 80 18 59 43 83 10 97 19 97 61 35 7 32 64 63 5 41 28 68 89 36 72 35 19 80 70 42 73 62 52 96 56 35 79 45 0 9 82 60 49 61 59 59 79 77 95 58 86 83 25 40 32 93 22 96 14 52 59 4 14 41 24 29 34 40 33 46 15 33 36 80 93 20 61 31 33 28 38 2 47 37
59 65 35 87 12 31 3 79 57 11 44 14 79 84 81 68 69 77 91 55 53 97 29 31 71 94 2 36 14 31 25 86 61 44 46 40 98 97 7 24 32 83 33 100 82 95 92 63 66 52 46 51 50 49 9 0 81 70 79 48 50 41 44 30 98 80 52 50 86 57 59 18 21 2 69 96 4 14 93 58 42 38 96 36 43 67 64 6 25 22 19 70 13 80 76 27 61 5 7 76
64 37 56 49 25 46 85 56 42 67 28 38 70 62 12 78 98 59 37 66 65 55 85 11 90 1 79 51 37 69 32 93 80 55 20 4 43 79 75 78 46 75 69 71 14 60 5 78 60 78 6 9 35 63 82 81 0 64 44 83 29 95 43 26 52 6 67 68 33 95 61 69 52 20 84 87 83 59 66 49 13 28 16 6 41 79 29 43 7 92 89 86 79 99 38 64 2 94 5 25
43 67 91 27 100 51 5 65 27 53 99 54 25 25 50 69 96 10 37 19 20 50 4 31 16 29 76 84 65 21 72 100 71 61 5 69 11 28 65 47 25 9 90 96 10 1 13 23 15 68 40 47 5 1 60 70 64 0 66 26 84 63 23 12 26 30 83 81 5 42 26 84 97 87 38 41 19 25 62 58 1 13 19 48 32 83 15 13 55 98 85 59 16 86 54 36 4 40 49 26
55 10 38 74 22 66 46 90 46 43 91 45 32 39 75 84 67 65 16 80 12 10 7 28 72 51 28 1 8 11 72 36 72 75 22 65 65 92 70 1 60 47 12 34 88 93 69 83 19 55 21 30 69 6 49 79 44 66 0 42 2 99 11 3 14 99 33 65 8 100 63 87 19 62 39 27 77 35 31 66 67 20 97 93 49 69 19 72 49 50 100 28 34 82 88 94 66 49 51 49
91 60 24 35 20 8 65 8 40 72 3 68 70 58 41 28 4 59 59 4 60 69 55 67 61 53 67 28 29 86 36 10 20 94 1 82 50 56 27 8 40 100 56 62 70 14 27 78 38 20 7 66 37 22 61 48 83 26 42 0 10 24 26 72 88 56 31 76 88 78 43 54 54 64 23 28 81 11 44 9 10 47 31 17 36 55 19 21 22 82 32 89 73 29 1 57 4 86 68 57
84 85 44 86 50 37 19 33 46 73 67 98 41 82 27 58 64 62 83 95 7 95 13 10 64 79 58 53 3 30 55 75 23 6 94 39 55 36 33 24 99 48 78 90 63 71 22 9 38 3 72 25 77 100 59 50 29 84 2 10 0 85 90 72 96 38 30 63 70 68 23 38 31 45 29 43 94 44 10 6 97 50 20 60 41 78 16 14 54 79 67 33 37 88 84 29 32 7 32 15
39 48 2 13 39 7 64 74 46 90 71 38 83 56 1 44 79 18 48 85 84 20 46 29 40 43 89 83 87 68 43 72 81 11 39 42 67 17 7 34 75 97 26 13 12 1 88 24 74 19 47 31 88 92 59 41 95 63 99 24 85 0 92 55 44 14 27 51 98 77 40 51 7 53 17 77 96 24 3 100 37 27 14 68 70 26 76 41 84 28 71 17 43 45 44 42 59 32 16 64
22 43 82 98 69 37 71 57 8 71 52 9 6 40 39 93 52 90 27 88 63 38 61 94 88 46 14 88 31 52 33 79 80 19 25 7 48 82 99 49 51 99 16 97 5 90 19 88 6 53 65 54 77 80 79 44 43 23 11 26 90 92 0 48 2 87 2 66 16 20 65 43 16 22 19 97 98 20 33 71 68 92 81 50 10 64 98 88 68 81 3 74 37 62 89 52 98 9 4 82
60 92 37 32 93 86 62 75 24 67 35 44 76 92 72 70 59 35 74 89 95 25 1 6 9 2 60 22 37 48 42 85 79 33 61 16 91 71 87 8 15 50 20 81 90 91 96 69 67 56 84 18 40 4 77 30 26 12 3 72 72 55 48 0 22 95 18 11 84 65 95 85 80 3 59 83 84 12 28 19 43 79 39 3 99 94 11 25 59 2 90 17 76 47 12 20 65 99 13 12
29 87 93 14 49 3 58 2 20 27 62 85 22 97 94 53 29 63 52 28 56 79 34 81 85 92 11 6 41 23 88 42 21 54 79 40 52 47 56 90 26 81 81 9 39 24 58 83 23 27 87 99 28 32 95 98 52 26 14 88 96 44 2 22 0 18 22 42 67 18 63 69 57 73 12 95 15 62 65 82 50 27 89 69 64 97 9 26 71 25 92 81 45 1 40 75 46 27 3 15
32 29 41 28 86 98 82 6 7 99 3 1 49 56 60 43 89 64 13 35 63 63 99 33 7 27 67 2 74 52 3 17 1 12 35 93 37 49 36 46 40 3 86 42 8 16 39 60 41 65 77 80 79 41 58 80 6 30 99 56 38 14 87 95 18 0 61 42 100 17 16 19 33 2 35 28 29 54 29 28 83 34 48 20 35 37 61 51 36 37 25 75 29 15 54 17 62 26 17 16
5 27 50 94 100 19 75 29 4 34 86 95 15 12 36 77 87 42 33 35 94 25 71 99 21 26 98 65 66 96 53 56 5 46 60 32 9 21 33 13 17 83 15 63 41 32 44 54 22 53 43 52 60 75 86 52 67 83 33 31 30 27 2 18 22 61 0 6 82 11 8 8 13 46 59 68 60 8 39 39 74 55 87 69 43 68 87 14 19 50 26 93 48 43 90 81 31 58 7 43
78 48 23 34 55 79 32 84 95 73 89 93 36 69 18 97 71 65 24 21 17 73 95 17 12 83 8 20 54 76 64 31 22 88 46 2 15 49 95 78 49 1 45 1 71 98 35 42 20 30 98 55 71 73 83 50 68 81 65 76 63 51 66 11 42 42 6 0 26 66 67 66 61 41 34 98 86 19 93 28 58 71 99 44 50 59 1 46 14 82 93 98 49 72 82 30 64 12 16 25
71 3 16 47 67 95 6 62 72 84 29 58 39 71 86 18 6 53 73 5 95 49 4 9 75 62 67 8 2 57 100 57 54 45 47 75 86 39 87 42 29 93 21 59 85 81 21 58 29 93 51 90 81 54 25 86 33 5 8 88 70 98 16 84 67 100 82 26 0 82 8 77 88 81 42 45 99 24 56 72 3 40 75 23 60 86 45 92 35 75 63 68 79 80 8 89 94 43 57 88
25 68 82 4 6 66 31 75 41 48 87 47 45 5 88 16 23 81 15 83 42 49 10 2 92 84 48 62 72 29 23 25 98 3 50 79 69 83 47 52 35 28 92 46 2 37 49 53 25 13 74 56 20 89 40 57 95 42 100 78 68 77 20 65 18 17 11 66 82 0 90 84 76 35 80 21 45 84 96 20 62 91 12 97 24 11 19 8 6 2 39 94 19 14 41 70 18 64 19 19
100 66 79 53 94 98 55 64 12 40 25 79 52 100 30 29 58 96 32 36 3 15 28 9 46 7 83 56 50 57 85 95 25 78 24 58 25 80 6 63 12 100 13 49 40 11 68 43 41 18 66 92 80 54 32 59 61 26 63 43 23 40 65 95 63 16 8 67 8 90 0 61 90 68 46 82 15 55 5 93 22 23 66 96 34 48 6 68 28 53 94 32 37 14 71 87 15 25 85 11
49 77 37 87 78 25 50 2 28 70 35 57 78 58 15 51 55 79 51 40 65 30 26 38 16 97 75 56 76 85 37 89 24 16 67 31 41 8 56 45 24 56 93 53 32 28 51 26 61 66 96 19 63 61 93 18 69 84 87 54 38 51 43 85 69 19 8 66 77 84 61 0 84 64 65 9 56 81 10 45 88 100 36 28 61 38 59 58 85 18 92 40 44 19 69 1 52 65 73 95
53 39 58 27 58 51 97 61 80 39 26 82 72 37 99 84 68 62 87 37 42 33 29 46 93 4 26 45 75 59 60 12 44 16 30 23 63 29 90 89 88 77 89 4 65 49 33 86 93 9 63 80 13 89 22 21 52 97 19 54 31 7 16 80 57 33 13 61 88 76 90 84 0 70 61 95 37 15 22 38 71 77 21 26 35 49 36 51 63 40 8 96 22 2 41 15 32 30 9 72
27 85 3 76 71 21 56 12 46 16 88 11 65 45 18 16 74 51 19 42 25 95 86 46 15 5 65 23 31 87 89 61 67 74 99 90 89 58 81 56 50 92 26 78 100 28 26 54 79 12 58 67 13 30 96 2 20 87 62 64 45 53 22 3 73 2 46 41 81 35 68 64 70 0 25 19 29 22 7 72 67 34 12 76 16 99 29 16 52 31 53 76 9 75 61 86 59 23 81 97
72 100 25 61 75 7 25 46 65 17 58 99 3 94 34 94 26 24 41 48 83 15 65 13 78 48 12 78 37 20 70 28 30 10 68 27 16 6 79 85 86 55 17 60 26 95 11 9 38 61 3 23 60 40 14 69 84 38 39 23 29 17 19 59 12 35 59 34 42 80 46 65 61 25 0 8 53 25 100 62 10 49 30 94 93 90 50 11 11 88 93 99 86 100 17 17 67 20 3 10
95 67 49 29 53 16 17 75 59 82 16 90 55 35 66 27 88 89 82 42 93 44 4 34 64 83 34 15 50 84 88 46 41 12 74 85 27 20 52 87 7 83 34 67 55 66 79 10 13 7 66 64 25 3 52 96 87 41 27 28 43 77 97 83 95 28 68 98 45 21 82 9 95 19 8 0 40 57 80 47 66 19 90 73 98 75 88 93 89 95 66 34 72 6 99 86 72 29 75 47
45 91 54 57 20 72 65 3 47 63 77 81 22 2 82 46 14 65 91 60 96 81 26 94 20 72 63 34 12 88 63 7 77 46 35 11 92 58 44 61 33 30 64 95 34 40 34 14 74 77 45 94 97 25 59 4 83 19 77 81 94 96 98 84 15 29 60 86 99 45 15 56 37 29 53 40 0 98 80 73 91 45 58 53 73 5 14 88 14 9 67 67 7 47 42 61 31 51 73 9
59 99 34 60 57 15 58 97 59 81 54 34 40 16 54 17 54 73 15 71 90 55 27 69 13 43 55 31 49 21 82 3 96 89 53 97 97 61 29 32 44 54 53 43 54 74 32 53 54 62 62 35 20 61 4 14 59 25 35 11 44 24 20 12 62 54 8 19 24 84 55 81 15 22 25 57 98 0 82 28 49 56 73 18 50 30 10 46 34 99 62 72 72 70 58 85 94 74 52 10
69 29 74 76 21 76 19 98 57 43 22 59 9 55 64 43 12 72 65 13 43 99 5 3 98 56 80 35 76 9 66 80 84 37 97 60 62 92 26 51 87 86 1 76 6 17 5 24 39 8 85 95 80 14 14 93 66 62 31 44 10 3 33 28 65 29 39 93 56 96 5 10 22 7 100 80 80 82 0 80 38 40 35 2 89 54 57 37 98 76 53 7 91 22 91 89 31 15 65 92
99 69 79 63 80 9 62 1 89 34 11 32 39 45 42 26 94 8 32 81 73 51 22 42 51 82 99 16 57 31 91 98 18 33 41 28 69 35 100 83 39 16 72 70 71 29 67 8 32 40 88 25 92 25 41 58 49 58 66 9 6 100 71 19 82 28 39 28 72 20 93 45 38 72 62 47 73 28 80 0 14 100 72 74 78 54 67 4 77 44 99 47 10 81 66 70 96 63 76 94
19 74 62 98 28 34 3 80 84 6 65 60 14 75 89 58 67 50 11 7 24 65 17 77 68 89 25 80 83 67 37 40 31 24 46 23 98 66 91 87 69 4 31 40 87 8 26 86 69 86 15 98 12 71 24 42 13 1 67 10 97 37 68 43 50 83 74 58 3 62 22 88 71 67 10 66 91 49 38 14 0 58 56 90 75 31 6 32 29 27 51 91 60 8 99 89 62 78 42 28
87 35 69 56 4 65 21 100 80 73 45 3 57 30 88 48 61 23 89 26 70 44 25 8 7 82 20 44 21 84 19 82 50 86 78 36 34 28 73 33 42 7 100 70 60 79 43 42 80 59 46 37 77 47 29 38 28 13 20 47 50 27 92 79 27 34 55 71 40 91 23 100 77 34 49 19 45 56 40 100 58 0 27 32 29 2 37 68 28 22 80 3 13 79 76 27 17 40 12 97
54 30 19 48 18 54 14 30 19 47 25 67 99 96 30 12 3 99 77 51 7 76 44 32 28 22 82 42 24 8 71 88 64 38 69 27 44 73 62 99 84 81 24 26 41 9 28 92 96 55 37 3 83 41 34 96 16 19 97 31 20 14 81 39 89 48 87 99 75 12 66 36 21 12 30 90 58 73 35 72 56 27 0 74 92 35 15 68 53 2 38 93 3 33 44 18 37 10 63 1
100 89 17 5 4 97 47 64 87 49 15 76 66 39 54 87 26 25 18 64 89 42 58 23 37 81 30 38 33 71 14 93 76 57 7 59 60 43 29 82 68 27 57 28 71 28 23 4 54 98 26 79 42 1 40 36 6 48 93 17 60 68 50 3 69 20 69 44 23 97 96 28 26 76 94 73 53 18 2 74 90 32 74 0 26 7 99 71 51 92 93 86 48 71 99 91 76 62 38 86
4 77 76 72 18 45 35 78 76 60 4 96 78 20 26 38 8 26 90 87 40 32 96 74 75 50 21 57 85 17 14 94 65 79 54 1 72 20 77 74 89 87 78 28 45 99 70 77 10 67 100 12 26 59 33 43 41 32 49 36 41 70 10 99 64 35 43 50 60 24 34 61 35 16 93 98 73 50 89 78 75 29 92 26 0 98 14 44 60 39 1 70 36 62 17 76 25 2 100 4
51 69 69 95 86 60 59 29 1 40 98 99 29 31 6 89 15 89 74 94 63 31 11 72 76 38 94 18 35 100 50 33 69 17 35 18 92 11 16 89 27 86 17 82 30 92 60 56 38 78 100 16 51 16 46 67 79 83 69 55 78 26 64 94 97 37 68 59 86 11 48 38 49 99 90 75 5 30 54 54 31 2 35 7 98 0 76 97 49 90 1 57 15 11 53 48 45 6 36 57
5 36 47 6 84 49 6 96 42 4 46 33 89 55 59 29 19 45 30 83 27 95 21 14 12 88 7 73 95 99 9 73 47 42 40 94 68 21 86 95 33 64 79 2 69 83 92 46 5 85 8 62 23 87 15 64 29 15 19 19 16 76 98 11 9 61 87 1 45 19 6 59 36 29 50 88 14 10 57 67 6 37 15 99 14 76 0 93 55 87 65 12 86 20 62 67 16 95 67 33
10 43 48 31 80 5 89 100 43 14 23 90 15 6 45 17 77 52 15 31 26 10 96 67 89 59 85 14 46 78 4 45 14 93 89 40 94 88 41 57 56 51 19 14 72 32 22 28 53 81 95 46 58 66 33 6 43 13 72 21 14 41 88 25 26 51 14 46 92 8 68 58 51 16 11 93 88 46 37 4 32 68 68 71 44 97 93 0 19 16 85 56 71 85 72 86 68 76 99 17
63 87 46 79 72 98 54 85 34 96 84 1 89 54 49 23 61 88 72 90 52 73 51 96 72 6 46 4 57 12 72 68 73 78 25 94 49 27 59 73 8 77 31 93 17 10 90 28 7 29 33 62 94 19 36 25 7 55 49 22 54 84 68 59 71 36 19 14 35 6 28 85 63 52 11 89 14 34 98 77 29 28 53 51 60 49 55 19 0 51 48 74 47 15 20 60 90 76 54 65
96 49 58 60 91 5 68 19 96 35 7 11 26 3 83 48 86 89 94 80 100 13 58 89 5 91 24 58 17 6 4 86 20 94 13 33 79 2 89 93 54 44 22 40 63 29 26 65 40 78 47 5 2 86 80 22 92 98 50 82 79 28 81 2 25 37 50 82 75 2 53 18 40 31 88 95 9 99 76 44 27 22 2 92 39 90 87 16 51 0 29 100 42 34 98 27 24 6 1 26
95 39 62 37 6 41 6 84 66 60 65 16 15 73 98 60 40 91 54 36 100 91 91 29 4 90 66 45 82 82 24 82 22 88 37 8 86 14 60 89 72 5 26 64 30 69 24 57 64 43 86 75 95 1 93 19 89 85 100 32 67 71 3 90 92 25 26 93 63 39 94 92 8 53 93 66 67 62 53 99 51 80 38 93 1 1 65 85 48 29 0 45 26 87 45 3 26 24 17 22
42 79 17 79 20 17 62 33 27 63 79 74 39 7 64 87 84 39 10 100 35 53 57 26 6 37 6 72 61 71 73 8 1 37 99 13 67 54 37 34 78 21 26 76 21 90 60 2 76 27 86 48 50 34 20 70 86 59 28 89 33 17 74 17 81 75 93 98 68 94 32 40 96 76 99 34 67 72 7 47 91 3 93 86 70 57 12 56 74 100 45 0 74 14 81 23 64 88 54 52
96 58 93 68 63 90 19 44 58 10 39 15 40 69 3 20 87 79 89 34 29 62 42 84 32 68 54 29 40 42 7 4 77 50 58 24 94 57 1 71 87 42 87 56 2 82 72 40 19 77 11 99 9 58 61 13 79 16 34 73 37 43 37 76 45 29 48 49 79 19 37 44 22 9 86 72 7 72 91 10 60 13 3 48 36 15 86 71 47 42 26 74 0 56 39 3 50 30 63 57
50 79 92 26 46 56 45 95 74 37 5 83 77 42 77 74 75 97 90 93 40 82 23 4 80 15 87 56 16 82 22 66 98 78 63 21 32 88 26 90 55 70 24 96 11 92 62 23 69 62 11 94 96 76 31 80 99 86 82 29 88 45 62 47 1 15 43 72 80 14 14 19 2 75 100 6 47 70 22 81 8 79 33 71 62 11 20 85 15 34 87 14 56 0 80 26 19 3 55 42
41 25 8 82 52 17 55 42 32 1 73 34 38 35 8 2 97 96 34 14 6 49 29 37 3 86 29 37 21 62 88 55 40 80 66 3 30 58 64 15 15 7 98 13 1 28 78 36 26 18 21 2 10 82 33 76 38 54 88 1 84 44 89 12 40 54 90 82 8 41 71 69 41 61 17 99 42 58 91 66 99 76 44 99 17 53 62 72 20 98 45 81 39 80 0 52 39 8 50 89
82 97 84 64 35 35 99 69 15 60 12 28 37 48 66 71 36 41 34 80 68 40 61 48 68 76 45 23 55 85 34 93 11 61 38 25 98 20 73 17 16 81 47 74 22 77 27 6 53 36 28 38 90 9 28 27 64 36 94 57 29 42 52 20 75 17 81 30 89 70 87 1 15 86 17 86 61 85 89 70 89 27 18 91 76 48 67 86 60 27 3 23 3 26 52 0 54 68 59 85
77 53 24 90 73 94 66 42 100 52 78 88 19 37 12 55 5 99 13 50 51 21 22 56 55 20 56 15 62 94 47 80 51 86 68 55 91 46 85 87 100 18 40 21 14 67 37 1 16 84 39 95 11 14 38 61 2 4 66 4 32 59 98 65 46 62 31 64 94 18 15 52 32 59 67 72 31 94 31 96 62 17 37 76 25 45 16 68 90 24 26 64 50 19 39 54 0 37 22 57
54 30 71 54 67 76 27 73 5 7 76 22 2 67 55 58 62 5 60 10 84 45 25 79 33 33 12 8 84 51 51 57 43 42 45 65 41 95 100 55 91 22 61 62 36 19 91 48 11 91 96 17 86 15 2 5 94 40 49 86 7 32 9 99 27 26 58 12 43 64 25 65 30 23 20 29 51 74 15 63 78 40 10 62 2 6 95 76 76 6 24 88 30 3 8 68 37 0 50 48
86 77 96 36 93 16 76 1 75 74 83 67 57 57 58 16 15 42 51 38 1 84 90 96 65 22 82 34 92 47 72 89 13 6 45 17 63 23 74 68 75 41 89 70 65 68 100 84 24 56 47 3 35 24 47 7 5 49 51 68 32 16 4 13 3 17 7 16 57 19 85 73 9 81 3 75 73 52 65 76 42 12 63 38 100 36 67 99 54 1 17 54 63 55 50 59 22 50 0 68
17 69 46 78 25 91 7 47 4 27 39 62 74 14 35 66 42 19 67 5 58 16 98 84 4 91 29 61 44 12 98 11 43 4 27 43 94 14 13 1 57 24 95 25 10 26 84 83 27 1 8 52 21 61 37 76 25 26 49 57 15 64 82 12 15 16 43 25 88 19 11 95 72 97 10 47 9 10 92 94 28 97 1 86 4 57 33 17 65 26 22 52 57 42 89 85 57 48 68 0
