30
0 4 28 92 30 83 59 58 18 93 91 60 91 87 91 87 8 74 65 19 50 53 53 41 36 1 40 91 83 99 
29 0 70 74 87 37 96 86 75 58 62 39 63 2 3 55 85 98 51 8 7 88 1 68 29 12 88 9 52 69 
41 18 0 0 83 89 61 77 53 53 52 77 65 80 10 13 89 26 5 37 19 73 56 23 90 18 22 82 87 34 
26 63 3 0 44 84 39 71 86 85 46 49 76 22 1 74 21 41 64 66 78 16 59 54 43 38 26 31 53 91 
81 82 15 100 0 62 90 89 39 62 50 17 85 4 78 82 49 73 99 50 21 45 8 89 68 83 1 100 88 0 
37 86 63 66 45 0 99 21 31 96 3 38 17 29 2 46 72 88 63 3 11 83 52 13 5 8 95 22 5 19 
69 43 62 70 45 95 0 8 76 29 74 37 76 37 98 10 55 63 8 71 52 65 27 41 35 35 81 98 9 69 
63 48 2 18 10 51 3 0 70 27 76 93 51 50 93 89 44 92 61 21 85 26 13 93 29 74 4 96 20 29 
10 40 68 48 89 69 59 15 0 50 22 31 73 2 93 67 13 64 36 5 14 52 93 7 14 19 10 62 67 77 
8 49 73 1 39 93 79 96 47 0 96 5 69 93 90 20 87 3 55 8 6 45 92 51 6 19 0 14 75 89 
19 0 41 51 29 87 37 57 50 61 0 36 37 30 70 96 89 71 56 97 37 98 28 60 38 52 29 23 73 48 
84 59 7 49 38 36 44 57 94 7 17 0 61 55 71 56 76 76 93 90 23 65 77 48 23 20 24 44 76 27 
34 45 30 31 44 79 96 43 35 35 37 21 0 93 45 43 0 40 53 7 6 40 80 6 2 81 87 61 51 98 
60 21 98 25 88 8 86 32 12 15 41 81 26 0 38 76 64 5 99 89 5 67 25 45 90 85 41 71 21 76 
21 25 30 90 66 75 46 15 56 21 34 71 75 96 0 17 34 63 27 41 5 25 1 20 73 12 93 9 36 68 
86 29 59 97 75 6 66 68 26 54 41 81 73 46 27 0 86 46 27 89 90 91 11 49 57 28 42 24 54 52 
80 36 9 11 15 13 27 15 59 14 69 35 16 19 71 50 0 78 59 94 16 76 10 38 70 49 26 69 67 40 
49 44 69 63 17 45 30 8 82 95 68 33 96 54 22 41 26 0 86 11 76 75 78 1 38 5 76 24 58 99 
21 87 73 43 83 90 31 37 77 70 42 62 96 68 55 5 91 17 0 50 48 1 100 21 15 89 81 9 5 67 
4 3 46 4 3 97 69 71 85 23 98 5 94 76 48 14 54 29 98 0 71 83 10 52 34 42 19 26 0 24 
47 62 20 98 56 10 11 1 33 100 40 35 40 58 13 62 93 95 18 20 0 35 42 62 10 72 70 96 50 25 
94 44 54 18 73 44 34 51 86 9 98 2 45 20 64 21 59 70 75 80 98 0 11 15 17 70 80 79 79 47 
49 92 10 85 84 26 35 2 2 80 67 39 99 46 1 62 4 89 40 55 80 40 0 80 12 94 17 83 60 51 
47 100 92 13 18 90 29 83 99 77 3 17 24 1 27 64 30 56 7 51 74 92 6 0 33 44 35 81 67 28 
17 34 79 93 15 81 16 80 96 22 95 80 11 82 44 22 88 27 69 30 98 73 18 89 0 96 27 41 16 82 
25 11 42 25 54 75 71 87 60 47 71 95 48 49 31 5 86 8 17 82 92 6 77 29 37 0 61 20 83 93 
52 5 98 25 83 2 30 70 67 96 30 56 38 42 34 84 70 15 47 29 9 89 83 64 19 31 0 45 86 44 
52 4 33 17 19 35 99 35 32 80 5 90 3 23 92 27 79 59 78 96 98 56 92 46 67 38 79 0 20 41 
28 50 89 78 58 71 30 15 61 8 78 64 85 75 71 33 77 56 62 90 50 37 59 24 87 97 80 80 0 35 
88 73 3 75 90 89 37 33 78 44 57 35 84 50 54 99 76 84 21 79 68 4 11 47 13 32 58 17 86 0 
