50
0 79 11 80 43 6 0 10 21 80 61 71 7 51 85 25 38 32 82 97 0 67 71 43 58 30 44 98 82 95 2 12 72 33 44 36 38 87 89 54 32 78 59 23 58 96 36 0 29 1 
84 0 99 32 84 78 64 61 19 42 93 88 87 59 95 5 10 74 31 78 95 97 81 81 41 26 8 81 93 83 68 36 95 84 19 90 55 87 40 69 54 4 62 97 63 96 27 31 78 78 
68 83 0 26 62 39 93 61 30 52 59 43 77 30 42 27 57 23 90 69 6 93 43 59 4 75 21 80 77 14 74 55 76 39 67 42 2 86 30 98 77 70 15 22 92 62 33 91 33 46 
55 29 97 0 22 36 36 28 30 92 66 13 47 36 18 94 81 55 32 94 77 24 58 47 23 18 15 49 7 73 66 14 19 64 14 93 88 33 38 20 85 29 14 47 41 70 61 90 56 71 
72 29 89 17 0 34 81 36 26 1 25 62 86 64 94 9 2 48 85 27 93 1 53 18 25 83 98 71 90 32 10 83 23 73 25 19 85 0 38 77 78 63 62 21 50 16 93 9 14 33 
93 26 3 68 26 0 91 30 73 99 9 99 57 1 7 79 7 56 85 92 87 58 3 46 16 26 1 90 45 88 95 67 12 54 20 71 16 23 24 84 50 28 40 69 46 73 48 86 15 90 
12 35 32 72 15 29 0 78 1 96 58 74 44 9 70 55 2 54 44 99 40 84 19 10 14 34 60 12 45 19 7 84 60 23 35 69 39 80 55 33 80 87 100 70 44 56 6 80 49 38 
91 18 5 42 80 10 65 0 48 40 23 44 41 47 8 1 85 41 14 43 13 82 33 70 60 51 97 49 30 12 5 12 26 11 14 64 31 63 57 25 16 13 5 61 62 69 35 66 83 15 
46 25 6 48 7 28 10 18 0 63 29 4 10 68 51 15 99 80 75 21 88 74 63 7 21 97 80 46 10 89 12 20 6 48 79 37 64 36 62 79 86 85 72 99 62 9 21 28 93 47 
97 66 28 100 78 63 46 12 19 0 42 7 57 98 44 50 14 44 24 48 43 10 49 80 53 79 61 94 82 49 4 62 6 29 57 71 95 11 99 8 41 83 91 8 70 92 4 64 84 66 
5 26 2 17 54 86 81 0 94 69 0 17 93 40 63 22 81 56 90 33 57 10 79 18 78 89 1 62 53 23 100 90 21 38 87 86 5 27 30 89 34 90 9 62 98 95 18 66 86 48 
63 65 83 42 28 39 5 0 100 55 26 0 61 88 29 88 73 22 86 79 78 59 24 74 16 38 32 11 4 48 47 15 22 67 99 10 10 22 7 23 46 1 82 90 15 87 63 13 53 83 
62 21 10 41 92 12 44 42 18 95 12 65 0 84 83 70 36 39 76 28 75 25 75 74 38 31 30 93 45 31 53 8 100 64 30 45 45 65 62 15 78 3 29 25 88 37 62 15 87 29 
30 87 96 88 91 92 52 32 23 70 3 65 0 0 52 78 1 42 57 18 73 51 19 18 33 97 5 96 98 37 87 33 69 72 59 44 35 94 62 4 72 87 75 47 94 8 59 10 10 100 
51 7 79 40 50 64 0 28 24 6 74 37 48 5 0 80 60 3 33 3 45 28 49 45 9 74 79 82 83 16 67 39 1 65 57 38 95 76 44 74 77 31 42 67 94 67 84 15 63 82 
4 31 50 67 28 98 46 97 60 94 32 9 79 27 77 0 52 14 3 59 77 77 36 75 19 2 77 31 98 24 7 46 86 50 94 96 33 21 71 28 65 30 53 1 58 96 49 36 43 78 
18 20 70 2 43 17 89 29 91 73 68 59 65 9 27 13 0 37 82 73 88 41 99 31 73 46 71 2 69 53 4 76 37 38 3 95 66 7 48 39 78 10 49 2 9 19 71 79 20 69 
94 85 71 28 15 35 88 88 36 78 95 63 13 28 18 7 1 0 3 18 25 27 31 32 95 55 57 20 98 46 70 66 65 56 72 71 69 22 37 37 95 20 74 3 24 35 34 68 40 75 
98 53 55 56 53 31 56 54 67 13 10 78 6 85 81 40 27 73 0 82 20 64 56 54 62 92 68 63 70 84 49 96 17 59 1 82 22 91 53 97 6 2 72 49 25 83 89 44 97 5 
68 39 100 17 32 99 37 18 40 30 92 85 18 20 87 7 33 16 18 0 99 28 52 41 35 22 79 82 10 82 37 39 48 4 3 21 29 6 28 71 64 79 12 14 1 79 12 1 1 17 
18 35 0 91 52 1 11 48 50 28 6 12 22 92 85 21 72 84 1 39 0 91 44 86 6 64 61 100 97 14 67 30 27 68 25 47 49 30 75 21 69 89 46 21 68 53 97 68 20 78 
94 61 85 51 50 63 94 56 15 12 75 67 2 35 72 15 16 38 53 37 64 0 24 6 75 88 12 30 66 1 95 84 20 4 35 66 11 6 58 29 68 35 19 72 52 8 69 78 49 82 
62 48 44 42 78 48 44 23 26 54 23 98 63 54 81 51 98 15 38 80 84 44 0 12 67 10 76 38 62 38 56 89 94 38 62 99 43 59 34 94 77 7 57 81 75 85 70 24 3 59 
26 2 81 95 8 84 51 4 27 34 39 63 61 75 15 34 54 33 75 93 63 43 72 0 69 99 86 3 58 36 32 17 61 49 40 12 63 99 1 88 93 11 85 98 3 37 57 86 95 82 
89 12 58 17 15 96 95 71 64 28 24 40 27 44 33 94 24 10 69 27 15 28 92 78 0 33 20 82 57 97 41 53 25 3 97 82 36 65 98 42 0 61 30 28 30 96 58 88 46 1 
2 40 40 70 28 59 59 12 87 21 65 92 13 74 41 62 39 26 83 12 31 0 83 49 47 0 13 8 91 60 22 38 97 44 27 9 50 70 73 88 76 76 31 7 96 27 21 0 27 94 
0 69 35 14 41 20 85 72 21 17 65 83 39 68 46 28 94 33 30 87 1 39 88 42 33 12 0 2 56 92 18 12 15 83 6 64 81 14 70 95 4 18 30 45 95 50 12 30 0 95 
70 91 81 3 50 11 36 5 75 31 51 60 51 62 92 82 27 66 98 9 31 82 76 91 16 50 36 0 0 70 15 26 61 19 77 11 97 82 95 44 29 64 35 22 52 8 68 33 64 9 
12 48 20 75 0 33 2 58 77 86 96 60 98 74 22 59 48 69 66 20 53 87 53 29 82 83 56 3 0 81 75 90 91 52 25 84 31 82 62 30 38 57 37 73 13 9 97 43 73 30 
57 26 82 41 22 73 81 34 49 11 31 87 19 52 17 25 4 67 24 99 48 40 70 31 1 40 39 45 72 0 44 66 98 6 20 52 32 8 78 27 93 30 98 40 27 41 2 47 73 88 
81 0 18 47 77 12 95 98 67 18 94 43 38 62 57 4 48 69 55 64 35 73 12 17 16 83 85 94 87 64 0 43 24 87 53 22 79 53 4 3 4 58 88 76 54 47 59 87 9 62 
47 66 10 32 12 74 79 87 54 92 37 32 89 32 0 83 71 36 99 22 5 75 23 72 21 94 100 34 77 56 52 0 46 48 4 78 7 79 76 36 98 71 97 84 64 36 37 30 24 32 
62 58 80 99 60 61 72 9 52 93 58 96 95 92 95 92 28 14 4 20 2 69 25 70 85 62 39 21 46 75 5 3 0 98 11 39 80 4 48 85 14 18 22 19 78 73 83 47 3 26 
69 2 21 39 40 64 100 37 86 72 28 59 6 20 49 9 53 2 41 12 3 92 95 91 28 97 55 92 21 56 86 96 91 0 16 94 79 98 89 58 77 53 59 6 46 96 32 8 2 8 
79 47 3 35 10 48 96 60 45 53 9 60 61 78 71 74 45 79 17 86 15 42 62 86 12 7 96 80 99 58 59 24 72 9 0 94 36 58 46 92 9 82 44 3 11 51 76 86 39 72 
61 50 43 98 34 80 37 49 18 54 13 29 97 49 89 88 8 75 65 84 37 18 5 98 24 8 87 53 12 82 71 10 13 55 65 0 100 54 3 78 81 95 30 40 25 91 4 25 56 66 
21 71 9 8 93 20 35 100 20 26 76 12 98 16 61 91 36 17 70 82 80 47 10 41 12 41 79 25 3 95 2 60 27 44 59 17 0 68 84 58 48 68 41 90 30 99 75 51 21 52 
17 82 47 74 87 58 2 45 52 57 94 9 34 61 70 75 3 11 100 90 82 38 97 69 67 31 47 37 39 93 5 94 86 20 67 69 63 0 35 93 61 92 36 63 60 12 76 60 42 25 
60 9 54 39 94 46 78 24 8 67 100 42 43 78 80 62 95 82 100 45 40 54 41 35 29 62 83 13 47 89 90 87 22 48 2 22 20 84 0 36 41 42 94 85 12 93 37 6 86 45 
20 72 94 49 75 97 19 93 16 0 45 46 23 16 93 85 57 33 76 82 56 76 20 48 72 69 87 93 52 52 10 49 11 66 71 70 71 63 90 0 31 90 1 52 69 66 51 79 86 55 
92 44 44 76 2 71 83 96 55 87 99 92 34 83 100 65 78 93 58 76 74 3 65 23 17 86 38 73 65 17 47 75 87 14 58 39 52 3 29 79 0 88 49 57 36 68 66 4 17 33 
33 31 25 35 13 66 66 24 35 84 18 83 28 2 46 14 16 87 27 69 71 77 69 90 99 91 94 94 20 17 97 24 14 25 19 67 98 14 31 26 88 0 41 50 19 37 49 31 45 59 
88 4 95 100 35 46 44 9 84 99 23 78 56 67 55 99 7 78 12 73 40 61 61 32 96 52 86 75 100 56 93 27 76 27 98 64 85 89 88 46 97 47 0 7 49 69 58 97 68 61 
78 32 44 81 24 44 92 32 93 55 23 87 50 24 68 64 59 59 78 51 85 99 46 73 85 88 23 36 53 37 31 41 87 82 27 18 39 12 49 93 96 47 39 0 100 13 67 47 43 38 
48 39 1 96 17 62 36 11 12 52 99 53 45 31 39 31 1 43 66 85 16 93 11 18 97 74 13 10 6 87 38 52 62 31 21 3 40 39 79 10 85 79 3 18 0 49 25 93 58 69 
24 93 50 77 7 49 73 25 19 29 69 90 3 29 17 40 70 40 88 35 11 72 11 32 73 57 28 69 20 88 68 99 42 84 21 3 34 17 25 61 9 34 27 77 73 0 24 13 47 80 
12 51 95 27 0 4 4 61 21 93 53 1 70 97 73 74 39 46 10 91 31 67 76 88 90 19 20 91 73 31 2 13 71 36 20 10 77 5 58 98 79 38 4 3 10 29 0 75 64 4 
95 94 45 45 17 79 5 5 99 74 3 65 46 42 65 64 12 97 41 66 61 76 19 74 87 92 32 22 20 71 17 59 36 64 92 83 8 39 64 66 6 30 100 77 56 76 19 0 63 72 
12 79 68 92 54 62 72 59 39 17 22 91 10 28 30 31 86 85 37 56 23 88 65 57 33 18 37 44 28 93 26 63 95 64 49 24 91 31 15 95 27 92 52 100 46 95 30 94 0 29 
95 59 18 80 28 78 8 73 94 9 22 79 93 85 32 19 100 40 33 2 93 3 99 65 86 93 86 52 20 37 90 72 99 96 55 0 61 57 16 52 93 81 60 13 99 74 34 42 34 0 
